gen_capacity={0: 0, 1: 0, 2: 0, 3: 0, 4: 1250, 5: 0, 6: 0, 7: 0, 8: 0}
line_capacity=1000
susceptances={(2, 0): 1300, (6, 7): 1300, (6, 0): 1000, (2, 8): 1100, (6, 4): 1900, (1, 3): 1800, (3, 8): 1600, (3, 5): 1700, (6, 1): 1500, (7, 8): 1400, (7, 0): 1800, (0, 3): 1400, (5, 2): 1800, (7, 5): 1100, (3, 6): 1100, (7, 1): 1900, (8, 1): 1600}
line_expansion_cost=1000
buses=[0 1 2 3 4 5 6 7 8]
demands={0: 80, 1: 140, 2: 120, 3: 100, 4: 80, 5: 120, 6: 100, 7: 100, 8: 120}
ac_lines=[(2, 0), (6, 7), (6, 0), (2, 8), (6, 4), (1, 3), (3, 8), (3, 5), (6, 1), (7, 8), (7, 0), (0, 3), (5, 2), (7, 5), (3, 6), (7, 1)]
poss_ac_lines=[(8, 1)]
poss_dc_lines=[(8, 1)]
generation_cost={4: 23}
