gen_capacity={0: 0, 1: 900, 2: 750, 3: 0, 4: 0, 5: 0, 6: 0, 7: 0, 8: 0, 9: 750}
line_capacity=1000
susceptances={(2, 0): 1600, (8, 4): 1300, (8, 9): 1400, (3, 4): 1600, (7, 4): 1200, (9, 1): 1500, (9, 7): 1500, (1, 7): 1700, (7, 2): 1000, (5, 0): 1000, (2, 9): 1900, (3, 8): 1300, (2, 1): 1600, (9, 4): 1400, (7, 8): 1800, (2, 4): 1200, (8, 2): 1400, (3, 5): 1000, (4, 1): 1000, (5, 4): 1100, (7, 0): 1900, (1, 3): 1100, (4, 6): 1600}
line_expansion_cost=1000
buses=[0 1 2 3 4 5 6 7 8 9]
demands={0: 120, 1: 140, 2: 80, 3: 80, 4: 80, 5: 100, 6: 80, 7: 80, 8: 120, 9: 60}
ac_lines=[(2, 0), (8, 4), (8, 9), (3, 4), (7, 4), (9, 1), (9, 7), (1, 7), (7, 2), (5, 0), (2, 9), (3, 8), (2, 1), (9, 4), (7, 8), (2, 4), (8, 2), (3, 5), (4, 1), (5, 4), (7, 0), (1, 3)]
poss_ac_lines=[(4, 6)]
poss_dc_lines=[(6, 1)]
generation_cost={1: 51, 2: 52, 9: 68}
