gen_capacity={0: 0, 1: 0, 2: 0, 3: 0, 4: 0, 5: 0, 6: 0, 7: 0, 8: 1050, 9: 0}
line_capacity=1000
susceptances={(3, 0): 1300, (3, 4): 1800, (6, 3): 1200, (5, 3): 1900, (9, 5): 1100, (8, 3): 1300, (3, 1): 1100, (0, 6): 1800, (4, 9): 1100, (0, 8): 1600, (1, 5): 1800, (8, 4): 1700, (9, 2): 1000, (2, 3): 1800, (8, 7): 1800, (1, 4): 1900, (8, 5): 1300, (6, 4): 1400}
line_expansion_cost=1000
buses=[0 1 2 3 4 5 6 7 8 9]
demands={0: 140, 1: 80, 2: 100, 3: 140, 4: 100, 5: 120, 6: 140, 7: 120, 8: 80, 9: 100}
ac_lines=[(3, 0), (3, 4), (6, 3), (5, 3), (9, 5), (8, 3), (3, 1), (0, 6), (4, 9), (0, 8), (1, 5), (8, 4), (9, 2), (2, 3), (8, 7), (1, 4), (8, 5)]
poss_ac_lines=[(6, 4)]
poss_dc_lines=[(2, 4)]
generation_cost={8: 55}
