gen_capacity={0: 0, 1: 1050, 2: 0, 3: 0, 4: 0, 5: 0, 6: 0, 7: 0, 8: 0, 9: 0, 10: 0}
line_capacity=1000
susceptances={(10, 4): 1300, (0, 7): 1400, (9, 10): 1400, (2, 9): 1800, (10, 7): 1500, (6, 10): 1900, (8, 3): 1300, (3, 1): 1600, (9, 0): 1900, (10, 2): 1600, (0, 2): 1300, (0, 10): 1800, (0, 5): 1900, (4, 6): 1700, (2, 6): 1200, (4, 8): 1200, (0, 1): 1500, (3, 0): 1400}
line_expansion_cost=1000
buses=[ 0  1  2  3  4  5  6  7  8  9 10]
demands={0: 100, 1: 120, 2: 60, 3: 140, 4: 100, 5: 120, 6: 120, 7: 100, 8: 80, 9: 60, 10: 60}
ac_lines=[(10, 4), (0, 7), (9, 10), (2, 9), (10, 7), (6, 10), (8, 3), (3, 1), (9, 0), (10, 2), (0, 2), (0, 10), (0, 5), (4, 6), (2, 6), (4, 8), (0, 1)]
poss_ac_lines=[(3, 0)]
poss_dc_lines=[(10, 2)]
generation_cost={1: 60}
