gen_capacity={0: 0, 1: 0, 2: 0, 3: 0, 4: 750, 5: 0, 6: 0, 7: 0, 8: 0, 9: 0, 10: 0}
line_capacity=1000
susceptances={(6, 10): 1700, (6, 2): 1600, (3, 6): 1900, (5, 8): 1900, (2, 1): 1300, (6, 1): 1900, (1, 4): 1300, (4, 3): 1500, (4, 6): 1500, (5, 3): 1400, (4, 2): 1800, (6, 9): 1100, (3, 8): 1900, (6, 8): 1200, (0, 8): 1500, (7, 10): 1000, (9, 0): 1000, (4, 8): 1600, (3, 0): 1500, (3, 9): 1000, (6, 7): 1100, (7, 9): 1500}
line_expansion_cost=1000
buses=[ 0  1  2  3  4  5  6  7  8  9 10]
demands={0: 120, 1: 100, 2: 120, 3: 140, 4: 100, 5: 100, 6: 120, 7: 80, 8: 60, 9: 60, 10: 140}
ac_lines=[(6, 10), (6, 2), (3, 6), (5, 8), (2, 1), (6, 1), (1, 4), (4, 3), (4, 6), (5, 3), (4, 2), (6, 9), (3, 8), (6, 8), (0, 8), (7, 10), (9, 0), (4, 8), (3, 0), (3, 9), (6, 7)]
poss_ac_lines=[(7, 9)]
poss_dc_lines=[(5, 1)]
generation_cost={4: 87}
