gen_capacity={0: 0, 1: 0, 2: 0, 3: 0, 4: 0, 5: 0, 6: 0, 7: 0, 8: 0, 9: 750, 10: 0}
line_capacity=1000
susceptances={(3, 1): 1300, (6, 3): 1000, (4, 2): 1200, (2, 9): 1000, (10, 1): 1400, (3, 10): 1600, (9, 1): 1500, (9, 5): 1100, (1, 5): 1800, (8, 9): 1100, (10, 4): 1200, (8, 7): 1500, (9, 10): 1300, (10, 7): 1700, (10, 6): 1800, (3, 0): 1500, (5, 7): 1500, (3, 9): 1400, (1, 2): 1800, (9, 4): 1600}
line_expansion_cost=1000
buses=[ 0  1  2  3  4  5  6  7  8  9 10]
demands={0: 140, 1: 80, 2: 60, 3: 120, 4: 140, 5: 60, 6: 140, 7: 60, 8: 80, 9: 60, 10: 80}
ac_lines=[(3, 1), (6, 3), (4, 2), (2, 9), (10, 1), (3, 10), (9, 1), (9, 5), (1, 5), (8, 9), (10, 4), (8, 7), (9, 10), (10, 7), (10, 6), (3, 0), (5, 7), (3, 9), (1, 2)]
poss_ac_lines=[(9, 4)]
poss_dc_lines=[(10, 3)]
generation_cost={9: 13}
