gen_capacity={0: 0, 1: 0, 2: 0, 3: 0, 4: 0, 5: 0, 6: 1750, 7: 0, 8: 0, 9: 0, 10: 0}
line_capacity=1000
susceptances={(5, 2): 1600, (3, 9): 1000, (8, 1): 1700, (4, 7): 1800, (3, 7): 1400, (3, 5): 1400, (0, 4): 1300, (10, 2): 1100, (9, 0): 1400, (7, 10): 1300, (2, 7): 1700, (8, 2): 1800, (7, 8): 1700, (2, 0): 1100, (9, 1): 1500, (5, 8): 1300, (9, 4): 1800, (4, 8): 1500, (3, 10): 1300, (5, 1): 1400}
line_expansion_cost=1000
buses=[ 0  1  2  3  4  5  6  7  8  9 10]
demands={0: 140, 1: 80, 2: 100, 3: 120, 4: 60, 5: 60, 6: 80, 7: 100, 8: 120, 9: 80, 10: 140}
ac_lines=[(5, 2), (3, 9), (8, 1), (4, 7), (3, 7), (3, 5), (0, 4), (10, 2), (9, 0), (7, 10), (2, 7), (8, 2), (7, 8), (2, 0), (9, 1), (5, 8), (9, 4), (4, 8), (3, 10)]
poss_ac_lines=[(5, 1)]
poss_dc_lines=[(0, 8)]
generation_cost={6: 35}
