gen_capacity={0: 1500, 1: 0, 2: 0, 3: 0, 4: 0, 5: 0, 6: 0, 7: 0, 8: 0, 9: 0, 10: 0}
line_capacity=1000
susceptances={(1, 9): 1300, (2, 6): 1200, (2, 3): 1000, (9, 4): 1400, (10, 7): 1100, (3, 4): 1400, (7, 6): 1600, (7, 5): 1900, (3, 10): 1300, (2, 5): 1700, (2, 1): 1000, (3, 6): 1300, (6, 5): 1400, (8, 6): 1500, (10, 1): 1500, (1, 4): 1200, (5, 1): 1400, (8, 0): 1100, (3, 1): 1300, (7, 2): 1800}
line_expansion_cost=1000
buses=[ 0  1  2  3  4  5  6  7  8  9 10]
demands={0: 60, 1: 60, 2: 60, 3: 100, 4: 80, 5: 60, 6: 140, 7: 60, 8: 120, 9: 60, 10: 100}
ac_lines=[(1, 9), (2, 6), (2, 3), (9, 4), (10, 7), (3, 4), (7, 6), (7, 5), (3, 10), (2, 5), (2, 1), (3, 6), (6, 5), (8, 6), (10, 1), (1, 4), (5, 1), (8, 0), (3, 1)]
poss_ac_lines=[(7, 2)]
poss_dc_lines=[(3, 1)]
generation_cost={0: 58}
