gen_capacity={0: 0, 1: 0, 2: 0, 3: 0, 4: 0, 5: 0, 6: 0, 7: 0, 8: 0, 9: 750, 10: 0}
line_capacity=1000
susceptances={(6, 1): 1800, (0, 3): 1000, (9, 1): 1100, (2, 6): 1100, (6, 8): 1900, (3, 10): 1200, (2, 3): 1500, (2, 7): 1100, (7, 6): 1700, (1, 0): 1500, (2, 8): 1700, (8, 5): 1700, (0, 2): 1900, (6, 0): 1600, (7, 0): 1700, (8, 3): 1600, (0, 10): 1800, (6, 5): 1100, (9, 8): 1400, (8, 10): 1800, (4, 5): 1600, (1, 10): 1300}
line_expansion_cost=1000
buses=[ 0  1  2  3  4  5  6  7  8  9 10]
demands={0: 120, 1: 140, 2: 100, 3: 140, 4: 140, 5: 80, 6: 100, 7: 60, 8: 80, 9: 100, 10: 100}
ac_lines=[(6, 1), (0, 3), (9, 1), (2, 6), (6, 8), (3, 10), (2, 3), (2, 7), (7, 6), (1, 0), (2, 8), (8, 5), (0, 2), (6, 0), (7, 0), (8, 3), (0, 10), (6, 5), (9, 8), (8, 10), (4, 5)]
poss_ac_lines=[(1, 10)]
poss_dc_lines=[(6, 9)]
generation_cost={9: 13}
