gen_capacity={0: 0, 1: 0, 2: 0, 3: 0, 4: 1050, 5: 0, 6: 0, 7: 0, 8: 0, 9: 0, 10: 0}
line_capacity=1000
susceptances={(1, 8): 1700, (1, 2): 1600, (0, 2): 1700, (3, 7): 1700, (4, 3): 1200, (0, 10): 1900, (7, 0): 1100, (0, 3): 1100, (7, 4): 1000, (9, 8): 1500, (6, 5): 1500, (2, 4): 1300, (3, 8): 1200, (5, 4): 1000, (1, 9): 1600, (10, 7): 1800, (3, 2): 1100, (0, 1): 1800, (7, 6): 1600, (6, 9): 1100, (4, 8): 1700, (6, 4): 1800, (1, 5): 1400, (3, 6): 1300, (9, 7): 1500}
line_expansion_cost=1000
buses=[ 0  1  2  3  4  5  6  7  8  9 10]
demands={0: 80, 1: 120, 2: 80, 3: 120, 4: 140, 5: 120, 6: 100, 7: 120, 8: 140, 9: 140, 10: 140}
ac_lines=[(1, 8), (1, 2), (0, 2), (3, 7), (4, 3), (0, 10), (7, 0), (0, 3), (7, 4), (9, 8), (6, 5), (2, 4), (3, 8), (5, 4), (1, 9), (10, 7), (3, 2), (0, 1), (7, 6), (6, 9), (4, 8), (6, 4), (1, 5), (3, 6)]
poss_ac_lines=[(9, 7)]
poss_dc_lines=[(3, 5)]
generation_cost={4: 59}
