gen_capacity={0: 0, 1: 0, 2: 0, 3: 0, 4: 900, 5: 0, 6: 0, 7: 0, 8: 0}
line_capacity=1000
susceptances={(7, 6): 1700, (0, 5): 1200, (6, 2): 1000, (1, 6): 1300, (8, 3): 1900, (7, 0): 1200, (5, 1): 1200, (2, 7): 1500, (4, 3): 1700, (7, 8): 1200, (8, 6): 1100, (0, 2): 1100, (7, 3): 1400, (4, 1): 1300, (0, 8): 1500, (8, 2): 1600, (0, 1): 1900, (1, 3): 1900, (8, 1): 1900}
line_expansion_cost=1000
buses=[0 1 2 3 4 5 6 7 8]
demands={0: 100, 1: 140, 2: 120, 3: 100, 4: 120, 5: 140, 6: 120, 7: 60, 8: 120}
ac_lines=[(7, 6), (0, 5), (6, 2), (1, 6), (8, 3), (7, 0), (5, 1), (2, 7), (4, 3), (7, 8), (8, 6), (0, 2), (7, 3), (4, 1), (0, 8), (8, 2), (0, 1), (1, 3)]
poss_ac_lines=[(8, 1)]
poss_dc_lines=[(7, 1)]
generation_cost={4: 3}
