gen_capacity={0: 900, 1: 0, 2: 0, 3: 0, 4: 0, 5: 0, 6: 0, 7: 0, 8: 0, 9: 0, 10: 0}
line_capacity=1000
susceptances={(5, 8): 1700, (1, 9): 1400, (7, 10): 1200, (1, 3): 1900, (7, 6): 1400, (10, 9): 1000, (4, 3): 1600, (4, 6): 1500, (8, 10): 1100, (3, 0): 1500, (1, 5): 1900, (6, 3): 1700, (2, 10): 1000, (0, 2): 1000, (7, 2): 1600, (10, 4): 1500, (5, 4): 1400, (1, 2): 1200, (10, 1): 1100}
line_expansion_cost=1000
buses=[ 0  1  2  3  4  5  6  7  8  9 10]
demands={0: 120, 1: 140, 2: 100, 3: 60, 4: 140, 5: 60, 6: 100, 7: 80, 8: 60, 9: 140, 10: 140}
ac_lines=[(5, 8), (1, 9), (7, 10), (1, 3), (7, 6), (10, 9), (4, 3), (4, 6), (8, 10), (3, 0), (1, 5), (6, 3), (2, 10), (0, 2), (7, 2), (10, 4), (5, 4), (1, 2)]
poss_ac_lines=[(10, 1)]
poss_dc_lines=[(7, 9)]
generation_cost={0: 48}
