gen_capacity={0: 0, 1: 0, 2: 0, 3: 0, 4: 0, 5: 0, 6: 0, 7: 1500, 8: 0, 9: 0, 10: 0}
line_capacity=1000
susceptances={(7, 10): 1200, (6, 4): 1900, (10, 1): 1900, (10, 2): 1400, (9, 7): 1900, (8, 5): 1200, (10, 4): 1900, (4, 7): 1300, (5, 9): 1400, (10, 6): 1600, (9, 2): 1200, (9, 10): 1300, (2, 5): 1200, (4, 1): 1400, (8, 1): 1600, (0, 6): 1300, (8, 7): 1800, (6, 3): 1000}
line_expansion_cost=1000
buses=[ 0  1  2  3  4  5  6  7  8  9 10]
demands={0: 120, 1: 100, 2: 140, 3: 140, 4: 80, 5: 120, 6: 140, 7: 60, 8: 120, 9: 140, 10: 140}
ac_lines=[(7, 10), (6, 4), (10, 1), (10, 2), (9, 7), (8, 5), (10, 4), (4, 7), (5, 9), (10, 6), (9, 2), (9, 10), (2, 5), (4, 1), (8, 1), (0, 6), (8, 7)]
poss_ac_lines=[(6, 3)]
poss_dc_lines=[(3, 5)]
generation_cost={7: 34}
