gen_capacity={0: 0, 1: 0, 2: 750, 3: 0, 4: 0, 5: 0, 6: 0, 7: 0, 8: 0, 9: 0, 10: 0}
line_capacity=1000
susceptances={(3, 1): 1900, (9, 5): 1800, (3, 6): 1800, (9, 8): 1700, (4, 10): 1900, (10, 3): 1900, (2, 1): 1900, (6, 10): 1200, (7, 9): 1600, (4, 7): 1600, (6, 1): 1500, (2, 4): 1300, (0, 7): 1500, (6, 7): 1000, (5, 4): 1800, (4, 9): 1500, (2, 3): 1800, (4, 6): 1600, (10, 9): 1400, (3, 0): 1400}
line_expansion_cost=1000
buses=[ 0  1  2  3  4  5  6  7  8  9 10]
demands={0: 120, 1: 120, 2: 140, 3: 80, 4: 100, 5: 100, 6: 60, 7: 60, 8: 60, 9: 120, 10: 120}
ac_lines=[(3, 1), (9, 5), (3, 6), (9, 8), (4, 10), (10, 3), (2, 1), (6, 10), (7, 9), (4, 7), (6, 1), (2, 4), (0, 7), (6, 7), (5, 4), (4, 9), (2, 3), (4, 6), (10, 9)]
poss_ac_lines=[(3, 0)]
poss_dc_lines=[(4, 8)]
generation_cost={2: 43}
