gen_capacity={0: 1750, 1: 0, 2: 0, 3: 0, 4: 0, 5: 0, 6: 0, 7: 0, 8: 0, 9: 0, 10: 0}
line_capacity=1000
susceptances={(2, 9): 1500, (7, 6): 1600, (3, 8): 1900, (5, 9): 1700, (4, 7): 1200, (6, 4): 1200, (5, 1): 1600, (6, 2): 1900, (5, 4): 1200, (6, 3): 1800, (10, 9): 1600, (4, 3): 1000, (2, 8): 1400, (7, 0): 1600, (2, 4): 1400, (5, 2): 1800, (4, 8): 1000, (7, 9): 1700, (3, 7): 1200, (6, 8): 1300, (6, 5): 1100, (7, 5): 1900, (0, 9): 1100}
line_expansion_cost=1000
buses=[ 0  1  2  3  4  5  6  7  8  9 10]
demands={0: 60, 1: 120, 2: 100, 3: 120, 4: 100, 5: 120, 6: 60, 7: 140, 8: 140, 9: 60, 10: 80}
ac_lines=[(2, 9), (7, 6), (3, 8), (5, 9), (4, 7), (6, 4), (5, 1), (6, 2), (5, 4), (6, 3), (10, 9), (4, 3), (2, 8), (7, 0), (2, 4), (5, 2), (4, 8), (7, 9), (3, 7), (6, 8), (6, 5), (7, 5)]
poss_ac_lines=[(0, 9)]
poss_dc_lines=[(6, 2)]
generation_cost={0: 20}
