gen_capacity={0: 0, 1: 0, 2: 0, 3: 0, 4: 0, 5: 0, 6: 0, 7: 1500, 8: 0, 9: 0, 10: 0}
line_capacity=1000
susceptances={(3, 2): 1800, (6, 10): 1600, (3, 0): 1100, (0, 6): 1700, (0, 1): 1800, (2, 9): 1000, (10, 8): 1100, (2, 8): 1300, (5, 1): 1900, (9, 0): 1900, (3, 10): 1700, (9, 5): 1800, (4, 9): 1600, (1, 10): 1900, (5, 6): 1400, (2, 4): 1100, (7, 8): 1500, (6, 4): 1000}
line_expansion_cost=1000
buses=[ 0  1  2  3  4  5  6  7  8  9 10]
demands={0: 100, 1: 120, 2: 140, 3: 120, 4: 100, 5: 80, 6: 80, 7: 120, 8: 60, 9: 100, 10: 120}
ac_lines=[(3, 2), (6, 10), (3, 0), (0, 6), (0, 1), (2, 9), (10, 8), (2, 8), (5, 1), (9, 0), (3, 10), (9, 5), (4, 9), (1, 10), (5, 6), (2, 4), (7, 8)]
poss_ac_lines=[(6, 4)]
poss_dc_lines=[(6, 2)]
generation_cost={7: 19}
