gen_capacity={0: 0, 1: 0, 2: 0, 3: 0, 4: 1200, 5: 0, 6: 0, 7: 0, 8: 0, 9: 0, 10: 0}
line_capacity=1000
susceptances={(2, 7): 1200, (5, 1): 1200, (1, 7): 1500, (6, 8): 1600, (4, 5): 1000, (0, 1): 1900, (4, 1): 1600, (5, 8): 1000, (8, 4): 1300, (10, 2): 1200, (1, 6): 1800, (1, 10): 1600, (0, 8): 1900, (3, 5): 1900, (7, 3): 1300, (10, 5): 1600, (1, 8): 1600, (5, 0): 1800, (0, 9): 1400}
line_expansion_cost=1000
buses=[ 0  1  2  3  4  5  6  7  8  9 10]
demands={0: 120, 1: 140, 2: 140, 3: 120, 4: 80, 5: 60, 6: 80, 7: 120, 8: 60, 9: 120, 10: 60}
ac_lines=[(2, 7), (5, 1), (1, 7), (6, 8), (4, 5), (0, 1), (4, 1), (5, 8), (8, 4), (10, 2), (1, 6), (1, 10), (0, 8), (3, 5), (7, 3), (10, 5), (1, 8), (5, 0)]
poss_ac_lines=[(0, 9)]
poss_dc_lines=[(2, 9)]
generation_cost={4: 68}
