gen_capacity={0: 0, 1: 0, 2: 1750, 3: 0, 4: 0, 5: 0, 6: 0, 7: 0, 8: 0, 9: 0, 10: 0}
line_capacity=1000
susceptances={(10, 9): 1400, (6, 10): 1600, (0, 3): 1300, (4, 2): 1600, (3, 9): 1900, (5, 6): 1600, (5, 4): 1900, (1, 5): 1600, (6, 0): 1500, (7, 1): 1400, (4, 0): 1500, (3, 8): 1800, (4, 6): 1400, (8, 10): 1900, (8, 5): 1500, (1, 2): 1700, (0, 7): 1900, (0, 5): 1100, (8, 4): 1400}
line_expansion_cost=1000
buses=[ 0  1  2  3  4  5  6  7  8  9 10]
demands={0: 100, 1: 120, 2: 100, 3: 120, 4: 60, 5: 140, 6: 80, 7: 120, 8: 80, 9: 140, 10: 80}
ac_lines=[(10, 9), (6, 10), (0, 3), (4, 2), (3, 9), (5, 6), (5, 4), (1, 5), (6, 0), (7, 1), (4, 0), (3, 8), (4, 6), (8, 10), (8, 5), (1, 2), (0, 7), (0, 5)]
poss_ac_lines=[(8, 4)]
poss_dc_lines=[(4, 10)]
generation_cost={2: 85}
