gen_capacity={0: 0, 1: 0, 2: 0, 3: 0, 4: 0, 5: 0, 6: 0, 7: 0, 8: 1750}
line_capacity=1000
susceptances={(7, 6): 1100, (0, 1): 1400, (3, 0): 1300, (6, 8): 1900, (6, 4): 1800, (8, 2): 1100, (4, 0): 1300, (4, 1): 1100, (6, 1): 1100, (3, 7): 1500, (1, 2): 1100, (6, 0): 1900, (1, 8): 1000, (7, 4): 1000, (7, 1): 1000, (7, 2): 1300, (4, 2): 1000, (0, 5): 1600}
line_expansion_cost=1000
buses=[0 1 2 3 4 5 6 7 8]
demands={0: 60, 1: 140, 2: 140, 3: 60, 4: 140, 5: 100, 6: 100, 7: 120, 8: 80}
ac_lines=[(7, 6), (0, 1), (3, 0), (6, 8), (6, 4), (8, 2), (4, 0), (4, 1), (6, 1), (3, 7), (1, 2), (6, 0), (1, 8), (7, 4), (7, 1), (7, 2), (4, 2)]
poss_ac_lines=[(0, 5)]
poss_dc_lines=[(2, 1)]
generation_cost={8: 51}
