gen_capacity={0: 0, 1: 0, 2: 0, 3: 0, 4: 0, 5: 0, 6: 0, 7: 0, 8: 0, 9: 1750}
line_capacity=1000
susceptances={(4, 7): 1900, (1, 8): 1000, (7, 6): 1400, (5, 6): 1000, (4, 2): 1600, (0, 3): 1900, (8, 3): 1100, (7, 2): 1200, (5, 2): 1200, (3, 9): 1600, (9, 2): 1000, (5, 5): 1200, (8, 7): 1600, (0, 7): 1100, (2, 3): 1600, (8, 6): 1400, (2, 2): 1500, (7, 5): 1300, (0, 4): 1500, (4, 8): 1700, (3, 6): 1700, (1, 4): 1100}
line_expansion_cost=1000
buses=[0 1 2 3 4 5 6 7 8 9]
demands={0: 60, 1: 140, 2: 140, 3: 80, 4: 60, 5: 60, 6: 100, 7: 140, 8: 140, 9: 140}
ac_lines=[(4, 7), (1, 8), (7, 6), (5, 6), (4, 2), (0, 3), (8, 3), (7, 2), (5, 2), (3, 9), (9, 2), (5, 5), (8, 7), (0, 7), (2, 3), (8, 6), (2, 2), (7, 5), (0, 4), (4, 8), (3, 6)]
poss_ac_lines=[(1, 4)]
poss_dc_lines=[(5, 5)]
generation_cost={9: 8}
