gen_capacity={0: 0, 1: 0, 2: 0, 3: 0, 4: 0, 5: 0, 6: 1500, 7: 0, 8: 0, 9: 0, 10: 0}
line_capacity=1000
susceptances={(2, 4): 1500, (3, 1): 1000, (9, 6): 1000, (5, 4): 1700, (1, 8): 1800, (3, 8): 1800, (5, 7): 1400, (7, 3): 1300, (3, 5): 1200, (10, 1): 1300, (0, 10): 1500, (3, 9): 1500, (4, 8): 1200, (1, 9): 1900, (7, 2): 1800, (3, 4): 1000, (4, 9): 1800, (9, 0): 1000, (10, 7): 1300, (6, 4): 1500, (9, 8): 1300, (3, 2): 1600, (6, 8): 1700}
line_expansion_cost=1000
buses=[ 0  1  2  3  4  5  6  7  8  9 10]
demands={0: 120, 1: 140, 2: 120, 3: 100, 4: 120, 5: 100, 6: 60, 7: 120, 8: 120, 9: 120, 10: 120}
ac_lines=[(2, 4), (3, 1), (9, 6), (5, 4), (1, 8), (3, 8), (5, 7), (7, 3), (3, 5), (10, 1), (0, 10), (3, 9), (4, 8), (1, 9), (7, 2), (3, 4), (4, 9), (9, 0), (10, 7), (6, 4), (9, 8), (3, 2)]
poss_ac_lines=[(6, 8)]
poss_dc_lines=[(7, 4)]
generation_cost={6: 81}
