gen_capacity={0: 0, 1: 0, 2: 0, 3: 0, 4: 0, 5: 0, 6: 0, 7: 0, 8: 0, 9: 0, 10: 1250}
line_capacity=1000
susceptances={(9, 8): 1000, (4, 9): 1900, (2, 10): 1700, (4, 3): 1800, (7, 3): 1700, (4, 2): 1500, (6, 7): 1900, (0, 3): 1300, (1, 8): 1200, (0, 7): 1100, (3, 6): 1700, (2, 9): 1500, (7, 10): 1700, (9, 7): 1000, (0, 6): 1900, (2, 0): 1000, (1, 9): 1300, (6, 9): 1500, (4, 7): 1500}
line_expansion_cost=1000
buses=[ 0  1  2  3  4  5  6  7  8  9 10]
demands={0: 100, 1: 60, 2: 60, 3: 80, 4: 60, 5: 80, 6: 60, 7: 60, 8: 140, 9: 60, 10: 60}
ac_lines=[(9, 8), (4, 9), (2, 10), (4, 3), (7, 3), (4, 2), (6, 7), (0, 3), (1, 8), (0, 7), (3, 6), (2, 9), (7, 10), (9, 7), (0, 6), (2, 0), (1, 9), (6, 9)]
poss_ac_lines=[(4, 7)]
poss_dc_lines=[(5, 3)]
generation_cost={10: 46}
