gen_capacity={0: 1200, 1: 0, 2: 0, 3: 0, 4: 0, 5: 0, 6: 0, 7: 0, 8: 750, 9: 0}
line_capacity=1000
susceptances={(7, 6): 1400, (0, 8): 1700, (6, 9): 1200, (5, 1): 1800, (5, 7): 1300, (0, 3): 1500, (0, 6): 1400, (5, 3): 1000, (8, 6): 1900, (2, 6): 1800, (1, 0): 1000, (1, 6): 1700, (1, 3): 1500, (7, 9): 1500, (7, 0): 1300, (9, 2): 1000, (0, 2): 1100, (7, 3): 1700, (9, 1): 1400, (6, 3): 1100}
line_expansion_cost=1000
buses=[0 1 2 3 4 5 6 7 8 9]
demands={0: 100, 1: 80, 2: 100, 3: 120, 4: 100, 5: 80, 6: 60, 7: 140, 8: 80, 9: 140}
ac_lines=[(7, 6), (0, 8), (6, 9), (5, 1), (5, 7), (0, 3), (0, 6), (5, 3), (8, 6), (2, 6), (1, 0), (1, 6), (1, 3), (7, 9), (7, 0), (9, 2), (0, 2), (7, 3), (9, 1)]
poss_ac_lines=[(6, 3)]
poss_dc_lines=[(6, 4)]
generation_cost={0: 65, 8: 35}
